54
72
0.4330127
0.5
0
2
1
9
0
0.75
60
3
0
2
12
-0.4330127
0.4999999
0
3
1
3
15
-0.4330127
-5.960464E-08
60
3
2
4
18
8.940697E-08
-0.2500001
0
3
3
5
21
0.4330128
-1.192093E-07
60
3
4
0
6
0.8660256
-0.2500001
0
3
5
7
23
1.299038
-1.788139E-07
60
3
6
8
26
1.299038
0.4999998
0
3
7
9
29
0.8660254
0.7499998
60
3
8
0
10
0.8660254
1.25
0
3
9
11
31
0.4330126
1.5
60
3
10
12
34
-5.960464E-08
1.25
0
3
11
1
13
-0.4330128
1.5
60
3
12
14
36
-0.8660255
1.25
0
3
13
15
39
-0.8660254
0.7499998
60
3
14
2
16
-1.299038
0.4999997
0
3
15
17
41
-1.299038
-2.980232E-07
60
3
16
18
44
-0.8660254
-0.2500003
0
3
17
3
19
-0.8660254
-0.7500003
60
3
18
20
46
-0.4330126
-1
0
3
19
21
49
1.192093E-07
-0.7500003
60
3
20
4
22
0.4330129
-1
0
3
21
23
51
0.8660256
-0.7500003
60
3
22
6
24
1.299038
-1
0
3
23
25
53
1.732051
-0.7500003
60
3
24
26
-1
1.732051
-0.2500003
0
3
25
7
27
2.165064
-2.086163E-07
60
3
26
28
-1
2.165064
0.4999998
0
3
27
29
-1
1.732051
0.7499998
60
3
28
8
30
1.732051
1.25
0
3
29
31
-1
1.299038
1.5
60
3
30
10
32
1.299038
2
0
3
31
33
-1
0.8660252
2.25
60
3
32
34
-1
0.4330125
2
0
3
33
11
35
-2.384186E-07
2.25
60
3
34
36
-1
-0.4330129
2
0
3
35
13
37
-0.8660257
2.25
60
3
36
38
-1
-1.299038
2
0
3
37
39
-1
-1.299038
1.5
60
3
38
14
40
-1.732051
1.25
0
3
39
41
-1
-1.732051
0.7499998
60
3
40
16
42
-2.165064
0.4999997
0
3
41
43
-1
-2.165064
-2.980232E-07
60
3
42
44
-1
-1.732051
-0.2500003
0
3
43
17
45
-1.732051
-0.7500003
60
3
44
46
-1
-1.299038
-1
0
3
45
19
47
-1.299038
-1.5
60
3
46
48
-1
-0.8660257
-1.75
0
3
47
49
-1
-0.4330129
-1.5
60
3
48
20
50
-1.788139E-07
-1.75
0
3
49
51
-1
0.4330126
-1.5
60
3
50
22
52
0.8660253
-1.75
0
3
51
53
-1
1.299038
-1.5
60
3
52
24
-1
0.2165063
0.625
0
0
1
-0.2165063
0.625
60
1
2
-0.4330127
0.2499999
120
2
3
-0.2165063
-0.1250001
0
3
4
0.4330128
0.2499999
60
0
5
0.2165065
-0.1250001
120
4
5
0.6495192
-0.1250001
0
5
6
1.082532
-0.1250001
60
6
7
1.299038
0.2499998
120
7
8
0.6495191
0.6249999
0
0
9
1.082532
0.6249998
60
8
9
0.8660254
0.9999998
120
9
10
0.649519
1.375
0
10
11
-2.980232E-08
0.9999999
60
1
12
0.2165063
1.375
120
11
12
-0.2165064
1.375
0
12
13
-0.6495191
1.375
60
13
14
-0.6495191
0.6249999
120
2
15
-0.8660254
0.9999998
0
14
15
-1.082532
0.6249998
60
15
16
-1.299038
0.2499997
120
16
17
-0.6495191
-0.1250002
0
3
18
-1.082532
-0.1250003
60
17
18
-0.8660254
-0.5000003
120
18
19
-0.649519
-0.8750002
0
19
20
1.043081E-07
-0.5000002
60
4
21
-0.2165063
-0.8750002
120
20
21
0.2165065
-0.8750002
0
21
22
0.8660256
-0.5000002
60
6
23
0.6495193
-0.8750002
120
22
23
1.082532
-0.8750002
0
23
24
1.515545
-0.8750002
60
24
25
1.515545
-0.1250002
120
7
26
1.732051
-0.5000003
0
25
26
1.948557
-0.1250003
60
26
27
2.165064
0.2499998
120
27
28
1.515545
0.6249998
0
8
29
1.948557
0.6249998
60
28
29
1.732051
0.9999998
120
29
30
1.082532
1.375
0
10
31
1.515544
1.375
60
30
31
1.299038
1.75
120
31
32
1.082532
2.125
0
32
33
0.4330126
1.75
60
11
34
0.6495188
2.125
120
33
34
0.2165061
2.125
0
34
35
-0.4330129
1.75
60
13
36
-0.2165066
2.125
120
35
36
-0.6495193
2.125
0
36
37
-1.082532
2.125
60
37
38
-1.082532
1.375
120
14
39
-1.299038
1.75
0
38
39
-1.515545
1.375
60
39
40
-1.515545
0.6249998
120
16
41
-1.732051
0.9999998
0
40
41
-1.948557
0.6249998
60
41
42
-2.165064
0.2499997
120
42
43
-1.515545
-0.1250003
0
17
44
-1.948557
-0.1250003
60
43
44
-1.732051
-0.5000003
120
44
45
-1.082532
-0.8750002
0
19
46
-1.515545
-0.8750002
60
45
46
-1.299038
-1.25
120
46
47
-1.082532
-1.625
0
47
48
-0.4330128
-1.25
60
20
49
-0.6495193
-1.625
120
48
49
-0.2165066
-1.625
0
49
50
0.4330127
-1.25
60
22
51
0.2165062
-1.625
120
50
51
0.649519
-1.625
0
51
52
1.299038
-1.25
60
24
53
1.082532
-1.625
120
52
53
