54
72
0
0.4330127
0.5
0
3
1
0
5
4
9
9
1
0
0.75
60
3
0
0
2
1
12
13
2
-0.4330127
0.4999999
120
3
1
1
3
2
15
17
3
-0.4330127
-5.960464E-08
180
3
2
2
4
3
18
21
4
8.940697E-08
-0.2500001
240
3
3
3
5
5
21
25
5
0.4330128
-1.192093E-07
300
3
0
4
4
5
6
6
6
0.8660256
-0.2500001
240
3
5
6
7
7
23
28
7
1.299038
-1.788139E-07
300
3
6
7
8
8
26
32
8
1.299038
0.4999998
1.001791E-05
3
7
8
9
10
29
36
9
0.8660254
0.7499998
60.00001
3
0
9
8
10
10
11
10
0.8660254
1.25
7.629395E-06
3
9
11
11
12
31
39
11
0.4330126
1.5
60.00001
3
10
12
12
14
34
43
12
-5.960464E-08
1.25
120
3
1
13
11
14
13
15
13
-0.4330128
1.5
60.00001
3
12
15
14
16
36
46
14
-0.8660255
1.25
120
3
13
16
15
18
39
50
15
-0.8660254
0.7499998
180
3
2
17
14
18
16
19
16
-1.299038
0.4999997
120
3
15
19
17
20
41
53
17
-1.299038
-2.980232E-07
180
3
16
20
18
22
44
57
18
-0.8660254
-0.2500003
240
3
3
21
17
22
19
23
19
-0.8660254
-0.7500003
180
3
18
23
20
24
46
60
20
-0.4330126
-1
240
3
19
24
21
26
49
64
21
1.192093E-07
-0.7500003
300
3
4
25
20
26
22
27
22
0.4330129
-1
240
3
21
27
23
29
51
67
23
0.8660256
-0.7500003
300
3
6
28
22
29
24
30
24
1.299038
-1
240
3
23
30
25
31
53
70
25
1.732051
-0.7500003
300
2
24
31
26
33
26
1.732051
-0.2500003
1.001791E-05
3
7
32
25
33
27
34
27
2.165064
-2.086163E-07
300
2
26
34
28
35
28
2.165064
0.4999998
1.001791E-05
2
27
35
29
37
29
1.732051
0.7499998
60.00001
3
8
36
28
37
30
38
30
1.732051
1.25
7.629395E-06
2
29
38
31
40
31
1.299038
1.5
60.00001
3
10
39
30
40
32
41
32
1.299038
2
7.629395E-06
2
31
41
33
42
33
0.8660252
2.25
60.00001
2
32
42
34
44
34
0.4330125
2
120
3
11
43
33
44
35
45
35
-2.384186E-07
2.25
60.00001
2
34
45
36
47
36
-0.4330129
2
120
3
13
46
35
47
37
48
37
-0.8660257
2.25
60.00001
2
36
48
38
49
38
-1.299038
2
120
2
37
49
39
51
39
-1.299038
1.5
180
3
14
50
38
51
40
52
40
-1.732051
1.25
120
2
39
52
41
54
41
-1.732051
0.7499998
180
3
16
53
40
54
42
55
42
-2.165064
0.4999997
120
2
41
55
43
56
43
-2.165064
-2.980232E-07
180
2
42
56
44
58
44
-1.732051
-0.2500003
240
3
17
57
43
58
45
59
45
-1.732051
-0.7500003
180
2
44
59
46
61
46
-1.299038
-1
240
3
19
60
45
61
47
62
47
-1.299038
-1.5
180
2
46
62
48
63
48
-0.8660257
-1.75
240
2
47
63
49
65
49
-0.4330129
-1.5
300
3
20
64
48
65
50
66
50
-1.788139E-07
-1.75
240
2
49
66
51
68
51
0.4330126
-1.5
300
3
22
67
50
68
52
69
52
0.8660253
-1.75
240
2
51
69
53
71
53
1.299038
-1.5
300
2
24
70
52
71
0
0.2165063
0.625
60
1
-0.2165063
0.625
120
2
-0.4330127
0.2499999
180
3
-0.2165063
-0.1250001
240
4
0.4330128
0.2499999
180
5
0.2165065
-0.1250001
300
6
0.6495192
-0.1250001
240
7
1.082532
-0.1250001
300
8
1.299038
0.2499998
0
9
0.6495191
0.6249999
300
10
1.082532
0.6249998
60.00001
11
0.8660254
0.9999998
0
12
0.649519
1.375
60
13
-2.980232E-08
0.9999999
0
14
0.2165063
1.375
120
15
-0.2165064
1.375
60
16
-0.6495191
1.375
120
17
-0.6495191
0.6249999
60.00002
18
-0.8660254
0.9999998
180
19
-1.082532
0.6249998
120
20
-1.299038
0.2499997
180
21
-0.6495191
-0.1250002
120
22
-1.082532
-0.1250003
240
23
-0.8660254
-0.5000003
180
24
-0.649519
-0.8750002
240
25
1.043081E-07
-0.5000002
180
26
-0.2165063
-0.8750002
300
27
0.2165065
-0.8750002
240
28
0.8660256
-0.5000002
180
29
0.6495193
-0.8750002
300
30
1.082532
-0.8750002
240
31
1.515545
-0.8750002
300
32
1.515545
-0.1250002
240
33
1.732051
-0.5000003
0
34
1.948557
-0.1250003
300
35
2.165064
0.2499998
0
36
1.515545
0.6249998
300
37
1.948557
0.6249998
60
38
1.732051
0.9999998
0
39
1.082532
1.375
300
40
1.515544
1.375
60
41
1.299038
1.75
0
42
1.082532
2.125
60
43
0.4330126
1.75
0
44
0.6495188
2.125
120
45
0.2165061
2.125
60
46
-0.4330129
1.75
0
47
-0.2165066
2.125
120
48
-0.6495193
2.125
60
49
-1.082532
2.125
120
50
-1.082532
1.375
60.00001
51
-1.299038
1.75
180
52
-1.515545
1.375
120
53
-1.515545
0.6249998
60.00001
54
-1.732051
0.9999998
180
55
-1.948557
0.6249998
120
56
-2.165064
0.2499997
180
57
-1.515545
-0.1250003
120
58
-1.948557
-0.1250003
240
59
-1.732051
-0.5000003
180
60
-1.082532
-0.8750002
120
61
-1.515545
-0.8750002
240
62
-1.299038
-1.25
180
63
-1.082532
-1.625
240
64
-0.4330128
-1.25
180
65
-0.6495193
-1.625
300
66
-0.2165066
-1.625
240
67
0.4330127
-1.25
180
68
0.2165062
-1.625
300
69
0.649519
-1.625
240
70
1.299038
-1.25
180
71
1.082532
-1.625
300
